lifetime
21.2
97.8
53.8
46.4
32.4
25.4
177
87.6
54.7
70.8
7.4
52.9
26.6
69.3
91.3
31.6
31.1
22
57.5
21.9
23.1
34.4
41.3
29.6
15.6
44.6
52.7
38.8
37.7
125.4
90.4
44.8
17.5
110.4
138
96.5
2.6
42.6
13.7
39.9
40.1
6.5
90.3
66.4
26.9
36.3
40
43.4
27.1
74.5
31.7
23.4
49.3
94.1
75.1
61.8
61.2
73.9
31.9
14.5
29.5
72.7
42.5
29.6
71.8
115
167.2
26.5
31
32.8
11.5
8.3
17.8
11.1
18.7
34.7
31.7
117
9
70.3
26.4
67.3
24.2
32.8
16.3
54.3
36.9
74.9
36.1
44.3
6.1
88.4
80
21.6
27.6
0.9
44.4
44.5
25.4
33.6
79
15.8
100.8
58.7
18.8
50.2
18.2
37.6
38.1
71.1
69.9
59.5
113.4
30.7
25.3
10.1
39.3
23.4
31.2
103.2
32
10.6
121.8
46.1
61.6
90.1
11.7
94.9
88.7
61.2
59.7
22
19.2
27.2
62.3
38.3
48.2
102.3
36.3
82.3
100.9
47.6
5.8
136.3
9.2
47.2
28.1
8.8
42.3
53.5
140.5
78.7
53.1
29.5
43.9
21.1
41.4
68.5
43
33.1
14.5
40.4
30.6
53.4
31.5
19.3
14.2
8.3
108.2
35.5
18.8
59.3
45.1
55
105.1
64.9
26.5
19.3
21.8
50.5
108.4
28.1
21.4
40.3
85.1
53.5
10.9
70.2
17.4
38
25.5
169.3
20
48
42.3
49.5
44.5
66.2
24.2
55.8
