  Height 
   156
   150
   156
   155
   164
   160
   156
   153
   159
   157
   167
   166
   151
   157
   155
   160
   158
   164
   157
   169
   154
   157
   169
   155
   158
   150
   163
   158
   161
   163
   164
   156
   161
   163
   162
   151
   162
   159
   163
   162
   159
   171
   158
   161
   161
   164
   145
   158
   163
   158
   167
   154
   168
   167
   165
   166
   155
   155
   169
   159
   153
   158
   164
   155
   165
   163
   158
   166
   153
   157
   162
   153
   156
   167
   163
   153
   168
   164
   162
   142
   155
   152
   164
   165
   162
   168
   158
   161
   157
   178
   163
   157
   160
   169
   162
   160
   165
   156
   152
   158
   155
   153
   162
   155
   169
   161
   150
   164
   166
   167
   165
   170
   147
   163
   160
   161
   154
   166
   161
   158
   152
   151
   157
   164
   165
   155
   163
   159
   152
   161
   156
   158
   155
   160
   165
   154
   158
   163
   164
   158
   164
   162
   160
   153
   163
   156
   163
   164
   162
   154
   163
   152
   155
   152
   151
   157
   166
   157
   160
   158
   163
   158
   159
   167
   165
   165
   163
   170
   162
   166
   165
   162
   163
   157
   163
   153
   158
   163
   173
   160
   164
   155
   157
   157
   147
   160
   162
   160
   164
   147
   165
   159
   158
   158
   158
   151
   174
   173
   170
   158
   153
   161
   156
   164
   161
   158
   152
   154
   165
   166
   161
   149
   156
   163
   157
   168
   170
   160
   153
   176
   163
   158
   161
   156
   163
   155
   154
   160
   145
   168
   145
   152
   156
   170
   162
   173
   162
   166
   160
   162
   169
   160
   161
   153
   155
   163
   157
   155
   158
   148
   161
   156
   162
   153
   157
   167
   148
   150
   163
   161
   156
   166
   159
   160
   159
   163
   178
   165
   156
   154
   170
   161
   159
   155
   153
   158
   159
   155
   171
   160
   171
   160
   157
   170
   158
   168
   164
   160
   166
   165
   177
   170
   150
   154
   163
   153
   163
   169
   146
   158
   153
   156
   155
   159
   157
   156
   150
   158
   163
   163
   164
   159
   159
   159
   151
   161
   165
   154
   159
   158
   157
   162
   155
   165
   160
   158
   159
   156
   165
   155
   152
   161
   169
   156
   161
   154
   158
   163
   170
   165
   152
   170
   152
   153
   157
   156
   147
   170
   160
   152
   153