   Time 
    80
    65
    91
    89
    54
    51
    52
    86
    79
    87
    78
    65
    53
    79
    72
    63
    71
    82
    50
    60
    80
    82
    78
    78
    75
    69
    52
    89
    84
    89
    84
    84
    57
    84
    87
    84
    73
    58
    69
    71
    78
    55
    98
    49
    70
    87
    47
    76
    80
    54
    48
    69
    81
    81
    75
    77
    64
    83
    48
    88
    73
    76
    84
    62
    75
    85
    93
    74
    62
    49
    77
    76
    80
    49
    78
    51
    93
    59
    57
    83
    77
    58
    54
    71
    81
    92
    53
    94
    49
    82
    79
    78
    50
    80
    87
    50
    60
    79
    86
   108
    71
    50
    80
    75
    88
    57
    65
    85
    87
    89
    68
    85
    86
    57
    53
    50
    79
    88
    55
    50
    54
    84
    84
    65
    77
    45
    86
    78
    77
    88
    78
    77
    81
    62
    87
    83
    85
    57
    50
    75
    74
    93
    75
    78
    56
    68
    52
    57
    74
    93
    53
    82
    51
    84
    83
    77
    72
    72
    73
    81
    81
    76
    83
    80
    59
    56
    85
    72
    96
    73
    60
    69
    82
    71
    53
    78
    50
    78
    60
    61
    81
    89
    61
    77
    50
    78
    80
    92
    74
    54
    82
    76
    89
    74
    87
    82
    66
    51
    93
    75
    80
    57
    50
    68
    80
    79
    93
    74
    54
    85
    49
    48
    87
    79
    54
    65
    78
    79
    88
    87
    49
    74
    77
    81
    90
    75
    80
    81
    53
    58
    76
    79
    81
    57
    50
    61
    91
    65
    54
    66
    73
    65
    60
    73
    80
    82
    80
    72
    72
    90
    84
    81
    53
    78
    96
    84
    60
    76
    92
    62
    50
    52
    81
    78
    75
    62
    74
    55
    86
    57
    48
    48
    83
    58
    43
    79
    87
    88
    59
    77
    78
    87
    76
    93
    49
    87
    89
    93
    47
    87
    51
    78
    54
    87
    52
    85
    58
    88
    79